image: ds_ofice_map.pgm
resolution: 0.050000
origin: [-5.040144, -7.530345, 0.000000]
negate: 0
occupied_thresh: 0.65
free_thresh: 0.196

